1
729311
1
193691
1
307731
1
239568
1
363901
1
517043
1
141086
1
37672
1
653024
1
983980
1
136114
1
571308
1
15759
1
413022
1
403932
1
885474
1
157181
1
443358
1
415142
1
802145
1
336913
1
5214
1
25085
1
633095
1
713754
1
927203
1
793811
1
607600
1
910869
1
30181
1
30949
1
928759
1
483033
1
236614
1
841239
1
152643
1
961408
1
797278
1
532850
1
410103
1
531929
1
974016
1
520652
1
257199
1
368733
1
207961
1
212704
1
466798
1
215378
1
447098
1
119263
1
524653
1
45966
1
360329
1
337325
1
137344
1
295043
1
777098
1
557778
1
134528
1
2432
1
382517
1
547331
1
338440
1
572932
1
245366
1
203950
1
296625
1
858664
1
661027
1
765102
1
51398
1
390139
1
425318
1
828558
1
546906
1
582871
1
498788
1
367577
1
246570
1
168684
1
572707
1
178141
1
895673
1
115427
1
578805
1
804806
1
954895
1
487130
1
955677
1
942434
1
134973
1
276214
1
943585
1
826847
1
267646
1
115842
1
276922
1
381453
1
13344
1
910950
1
568043
1
148107
1
130815
1
229047
1
14355
1
795166
1
982557
1
133274
1
367444
1
263636
1
769647
1
481736
1
274937
1
681547
1
205636
1
959400
1
437251
1
198786
1
652103
1
893980
1
119018
1
617111
1
493296
1
69225
1
480995
1
437399
1
486793
1
383682
1
881097
1
253444
1
552
1
46908
1
735645
1
693907
1
633004
1
538502
1
630189
1
274558
1
943500
1
692952
1
352124
1
565625
1
146141
1
403647
1
349219
1
811582
1
202491
1
951814
1
119555
1
691566
1
898477
1
771830
1
939156
1
704656
1
673166
1
475417
1
66362
1
493990
1
464454
1
923317
1
544485
1
771086
1
835083
1
703682
1
913425
1
564790
1
524385
1
587421
1
700383
1
122674
1
25221
1
29652
1
975833
1
190443
1
647749
1
994836
1
899584
1
530351
1
819275
1
899905
1
875535
1
764188
1
368600
1
290040
1
393132
1
415705
1
748330
1
605446
1
684707
1
971340
1
106588
1
599483
1
122165
1
111176
1
576323
1
227948
1
660948
1
66496
1
660998
1
95789
1
387314
1
888639
1
96270
1
545484
1
755799
1
962711
1
337194
1
579087
1
13430
1
493582
1
744186
1
665173
1
94308
1
871027
1
175994
1
279614
1
615461
1
517246
1
188608
1
315703
1
515483
1
561186
1
10383
1
719361
1
58922
1
758701
1
679412
1
602133
1
268531
1
286308
1
754665
1
517945
1
508682
1
648717
1
821385
1
366014
1
905950
1
183803
1
488802
1
575694
1
598861
1
212037
1
527050
1
108514
1
385494
1
602100
1
794486
1
402089
1
349749
1
1
215906
1
183054
1
906272
1
730716
1
360836
1
95316
1
745669
1
554846
1
816391
1
827454
1
714848
1
10453
1
117965
1
45160
1
259261
1
162648
1
961959
1
119681
1
702414
1
739092
1
43414
1
704645
1
14664
1
820290
1
317536
1
215817
1
811420
1
862698
1
670488
1
473871
1
986778
1
776178
1
449729
1
132995
1
880931
1
659636
1
186535
1
928653
1
711855
1
284525
1
355939
1
638496
1
872270
1
580885
1
29129
1
528229
1
336497
1
575902
1
953727
1
709688
1
806817
1
48027
1
102290
1
776684
1
749507
1
182782
1
509967
1
185795
1
262613
1
758311
1
360057
1
331737
1
497805
1
870598
1
998275
1
703382
1
102200
1
408899
1
499564
1
606131
1
135964
1
881878
1
256060
1
133365
1
602275
1
85439
1
407840
1
847874
1
830045
1
5844
1
983548
1
816031
1
176197
1
339309
1
55434
1
499489
1
90651
1
811724
1
424403
1
517926
1
627458
1
414784
1
832767
1
392315
1
64269
1
639763
1
645925
1
410489
1
328021
1
317926
1
239042
1
597292
1
994762
1
177146
1
628962
1
203388
1
468426
1
928109
1
631339
1
494246
1
304507
1
161592
1
919175
1
556447
1
45724
1
261271
1
662134
1
660840
1
677830
1
153213
1
98188
1
404487
1
626866
1
489171
1
277460
1
890211
1
385136
1
879744
1
722581
1
580468
1
703351
1
59626
1
3741
1
772253
1
231300
1
490451
1
506579
1
548137
1
138711
1
897538
1
201782
1
366806
1
12090
1
857229
1
518681
1
403090
1
907396
1
845950
1
160354
1
134998
1
683944
1
344996
1
716970
1
171265
1
553018
1
636023
1
298194
1
423906
1
378890
1
252713
1
821284
1
475892
1
86381
1
127158
1
479018
1
693777
1
586154
1
630027
1
189541
1
705240
1
150485
1
305308
1
513622
1
546563
1
64432
1
555779
1
482558
1
443301
1
213368
1
500585
1
141865
1
897342
1
245516
1
34780
1
379224
1
997700
1
123797
1
431036
1
832543
1
861041
1
370967
1
45479
1
804176
1
285405
1
566945
1
329874
1
981196
1
554323
1
707409
1
69786
1
796441
1
519725
1
561520
1
714868
1
961215
1
807433
1
795600
1
738828
1
87942
1
941807
1
583746
1
109576
1
922784
1
557355
1
513401
1
916426
1
98867
1
284102
1
900483
1
162725
1
704206
1
278019
1
980120
1
22449
1
719795
1
615323
1
308713
1
300691
1
177763
1
560265
1
163931
1
940543
1
564279
1
397520
1
543789
1
126022
1
978509
1
312252
1
355107
1
578064
1
364366
1
567683
1
983927
1
69821
1
588926
1
809456
1
516319
1
827121
1
807146

0